Aktywny=1
Napis= Punkt op³aty drogowej!
PosX=1745.54895019
PosY=543.06164550
PosZ=28.35390281
