Aktywny=1
Napis= Punkt op³aty drogowej!
PosX=1738.81774902
PosY=522.77459716
PosZ=29.36382865
