Aktywny=1
Napis= #red Zwolnij! Punkt op³aty drogowej!
PosX=-1573.74182128
PosY=656.85321044
PosZ=49.25007247
