Aktywny=1
Napis= #yellow /szlaban #white- op³ata: 10$
PosX=-1650.70166015
PosY=572.23864746
PosZ=39.37098693
