Aktywny=1
Napis= #yellow /szlaban #white- op³ata: 10$
PosX=-1631.46875000
PosY=571.79022216
PosZ=39.89060211
