Aktywny=1
Napis= Punkt op³aty drogowej!
PosX=-2681.89501953
PosY=1269.18298339
PosZ=56.95016479
