Aktywny=1
Napis= Punkt op³aty drogowej!
PosX=-2681.80200195
PosY=1280.56481933
PosZ=56.95016479
