Aktywny=1
Napis= #red Zwolnij! Punkt op³aty drogowej!
PosX=-2689.70214843
PosY=1392.04064941
PosZ=61.51459121
