Aktywny=1
Napis= #red Zwolnij! Punkt op³aty drogowej!
PosX=-2663.87060546
PosY=1211.04138183
PosZ=61.15414810
