Aktywny=1
Napis= #yellow /szlaban #white- op³ata: 10$
PosX=-2690.56274414
PosY=1265.28979492
PosZ=56.48437500
