Aktywny=1
Napis= #yellow /szlaban #white- op³ata: 10$
PosX=-2672.34301757
PosY=1284.26391601
PosZ=56.48437500
