Aktywny=1
Napis= #RED Zwolnij! Punkt op³aty drogowej!
PosX=1763.75878906
PosY=637.37951660
PosZ=25.62060546
