Aktywny=1
Napis= #RED Zwolnij! Punkt op³aty drogowej!
PosX=1713.29748535
PosY=421.40618896
PosZ=36.59556198
