Aktywny=1
Napis= #yellow /szlaban #white- op³ata: 10$
PosX=1750.61755371
PosY=537.08740234
PosZ=26.91352272
