Aktywny=1
Napis= #yellow /szlaban #white- op³ata: 10$
PosX=1733.96301269
PosY=529.01800537
PosZ=27.68688011
