Aktywny=1
Napis= #redUwaga! #whiteNiski tunel!
PosX=1037.80322265
PosY=-2056.99267578
PosZ=18.65053176
