Aktywny=1
Napis= #redUwaga! #whiteNiski tunel!
PosX=1043.06445312
PosY=-2253.20117187
PosZ=18.84946823
