Aktywny=1
Napis= Punkt op³aty drogowej!
PosX=-1647.67211914
PosY=565.10382080
PosZ=40.74632644
