Aktywny=1
Napis= Punkt op³aty drogowej!
PosX=-1633.92578125
PosY=579.36029052
PosZ=41.57326889
