Aktywny=1
Towar= Telewizory
TowarKoszt=3.20000004
Zaladunek= Centrum Handlowe (LS)
PosX=1117.00000000
PosY=-1489.00000000
PosZ=15.00000000
Dostarczenie= Sklep Elektroniczny (EQ)
Pos2X=-1528.00000000
Pos2Y=2626.00000000
Pos2Z=55.00000000
