Aktywny=1
Towar= Ryby
TowarKoszt=3.29999995
Zaladunek= Port Bayside
PosX=-2246.00000000
PosY=2371.00000000
PosZ=4.00000000
Dostarczenie= Pier69 (SF)
Pos2X=-1679.00000000
Pos2Y=1327.00000000
Pos2Z=7.00000000
