Aktywny=1
Towar= Sprzet medyczny
TowarKoszt=4.30000019
Zaladunek= Szpital (LS)
PosX=1147.00000000
PosY=-1314.00000000
PosZ=13.00000000
Dostarczenie= Szpital (LV)
Pos2X=1591.00000000
Pos2Y=1817.00000000
Pos2Z=10.00000000
