Aktywny=1
Towar= Alkohol
TowarKoszt=1.62999999
Zaladunek= Liquor Mart (LS)
PosX=1851.00000000
PosY=-1862.00000000
PosZ=13.00000000
Dostarczenie= Centrum Handlowe (LV)
Pos2X=2660.00000000
Pos2Y=1873.00000000
Pos2Z=10.00000000
