Aktywny=1
Towar= Odziez
TowarKoszt=1.50000000
Zaladunek= Sklep ZIP (LV)
PosX=2061.54370117
PosY=2238.31884765
PosZ=10.26475334
Dostarczenie= Sklep Zip (LS)
Pos2X=1423.89990234
Pos2Y=-1136.07421875
Pos2Z=23.98101997
