Aktywny=1
Towar= Czesci samochodowe
TowarKoszt=3.20000004
Zaladunek= Garaz Tuningu (LS)
PosX=2657.84350585
PosY=-2047.37817382
PosZ=13.60351181
Dostarczenie= Transfender (LV)
Pos2X=2386.81054687
Pos2Y=1038.16308593
Pos2Z=10.82031250
