Aktywny=1
Towar= Czesci od samolotu
TowarKoszt=5.00000000
Zaladunek= Lotnisko (LS)
PosX=2083.00000000
PosY=-2382.00000000
PosZ=13.00000000
Dostarczenie= Lotnisko (Pustynia)
Pos2X=386.00000000
Pos2Y=2599.00000000
Pos2Z=16.00000000
