Aktywny=1
Towar= Czesci od samolotu
TowarKoszt=2.50000000
Zaladunek= Lotnisko (LV-pustynia)
PosX=386.28930664
PosY=2597.78076171
PosZ=16.48437500
Dostarczenie= Lotnisko (LV)
Pos2X=1348.91772460
Pos2Y=1708.56286621
Pos2Z=10.82031250
