Aktywny=1
Towar= Farby
TowarKoszt=2.20000004
Zaladunek= PaySpray (LV)
PosX=1964.00000000
PosY=2162.00000000
PosZ=10.00000000
Dostarczenie= PaySpray (SF)
Pos2X=-2437.00000000
Pos2Y=1032.00000000
Pos2Z=50.00000000
