Aktywny=1
Towar= Czesci samochodowe
TowarKoszt=3.20000004
Zaladunek= AutoParts (LV)
PosX=1963.21093750
PosY=2170.86743164
PosZ=10.82031250
Dostarczenie= Wheel Arch Angels (SF)
Pos2X=-2711.23364257
Pos2Y=217.67626953
Pos2Z=4.19609975
