Aktywny=1
Towar= Artykuly Spozywcze
TowarKoszt=1.39999997
Zaladunek= SupaSave (SF)
PosX=-2460.21655273
PosY=786.49768066
PosZ=35.17187500
Dostarczenie= The Welcome Pump (D)
Pos2X=681.14233398
Pos2Y=-444.36038208
Pos2Z=16.33593750
