Aktywny=1
Towar= Opony
TowarKoszt=2.29999995
Zaladunek= PaySpray (EQ)
PosX=-1427.03979492
PosY=2569.38696289
PosZ=55.83593750
Dostarczenie= Truck Terminal (RC)
Pos2X=204.09605407
Pos2Y=-241.73437500
Pos2Z=1.57812500
