Aktywny=1
Towar= Czesci samochodowe
TowarKoszt=3.00000000
Zaladunek= Warsztat Michelles (SF)
PosX=-1787.13317871
PosY=1205.25634765
PosZ=25.12500000
Dostarczenie= Garaz Tuningowy (LS)
Pos2X=2657.95141601
Pos2Y=-2047.95617675
Pos2Z=13.61147403
