Aktywny=1
Towar= Kanistry
TowarKoszt=2.40000009
Zaladunek= Gasso (D)
PosX=666.18408203
PosY=-546.52062988
PosZ=16.33593750
Dostarczenie= Stacja Benzynowa (EQ)
Pos2X=-1271.56640625
Pos2Y=2731.08691406
Pos2Z=50.06250000
