Aktywny=1
Towar= Uzbrojenie
TowarKoszt=5.00000000
Zaladunek= Area69 (Pustynia)
PosX=134.00000000
PosY=1948.00000000
PosZ=19.00000000
Dostarczenie= Baza Wojskowa (SF)
Pos2X=-1235.27697753
Pos2Y=453.08746337
Pos2Z=7.18750000
