Aktywny=1
Towar= Worki Cementu
TowarKoszt=3.40000009
Zaladunek= Kopalnia (LV)
PosX=597.97473144
PosY=869.46307373
PosZ=-42.96093750
Dostarczenie= Plac budowy (LS)
Pos2X=1255.19604492
Pos2Y=-1258.97167968
Pos2Z=13.17149257
