Aktywny=1
Towar= Worki Maki
TowarKoszt=1.89999997
Zaladunek= Jim's Sticky Ring (LS)
PosX=1026.00000000
PosY=-1354.00000000
PosZ=13.00000000
Dostarczenie= King Ring (FC)
Pos2X=-158.00000000
Pos2Y=1227.00000000
Pos2Z=19.00000000
