Aktywny=1
Towar= Oheblowane drzewo
TowarKoszt=3.09999990
Zaladunek= Tartak w Panopticon
PosX=-504.57226562
PosY=-199.28479003
PosZ=78.40625000
Dostarczenie= Stolarnia Sawmill (AP)
Pos2X=-2003.33190917
Pos2Y=-2410.42944335
Pos2Z=30.62500000
