Aktywny=1
Towar= Meble
TowarKoszt=2.50000000
Zaladunek= Stolarnia Sawmill (AP)
PosX=-2004.50756835
PosY=-2411.78833007
PosZ=30.62500000
Dostarczenie= Motel (FC)
Pos2X=-90.39854431
Pos2Y=1213.48364257
Pos2Z=19.74218750
