Aktywny=1
Towar= Zabawki erotyczne
TowarKoszt=2.33999991
Zaladunek= Sex Shop (LS)
PosX=1082.00000000
PosY=-928.00000000
PosZ=43.00000000
Dostarczenie= Sex Shoop (LV)
Pos2X=2090.00000000
Pos2Y=2078.00000000
Pos2Z=10.00000000
