Aktywny=1
Towar= Worki z pszenica
TowarKoszt=1.60000002
Zaladunek= Farma (RC)
PosX=-51.00000000
PosY=-10.00000000
PosZ=3.00000000
Dostarczenie= Port Bayside
Pos2X=-2259.00000000
Pos2Y=2388.00000000
Pos2Z=4.00000000
