Aktywny=1
Towar= Napoje gazowane
TowarKoszt=1.50000000
Zaladunek= Hurtownia (LV)
PosX=1050.36779785
PosY=2090.52636718
PosZ=10.82031250
Dostarczenie= Centrum handlowe (LS)
Pos2X=1115.64306640
Pos2Y=-1488.51550292
Pos2Z=15.79687500
