Aktywny=1
Towar= Farby
TowarKoszt=2.50000000
Zaladunek= PaySpray (SF)
PosX=-1913.40905761
PosY=281.74816894
PosZ=41.04687500
Dostarczenie= PaySpray (LS)
Pos2X=2035.06005859
Pos2Y=-1831.61645507
Pos2Z=13.54687500
