Aktywny=1
Towar= Odpady
TowarKoszt=0.69999998
Zaladunek= Wysypisko smieci (LS)
PosX=2185.00000000
PosY=-1989.00000000
PosZ=13.00000000
Dostarczenie= Wysypisko smieci (AP)
Pos2X=-1817.00000000
Pos2Y=-1659.00000000
Pos2Z=21.00000000
