Aktywny=1
Towar= Video erotyczne
TowarKoszt=2.50000000
Zaladunek= Sex Shop (LS)
PosX=1940.40771484
PosY=-2105.22436523
PosZ=13.55847358
Dostarczenie= Sex Shop (LV)
Pos2X=2090.23022460
Pos2Y=2080.02465820
Pos2Z=10.82031250
