Aktywny=1
Towar= Kostka Brukowa
TowarKoszt=3.40000009
Zaladunek= Plac budowy (LV)
PosX=2468.00000000
PosY=1919.00000000
PosZ=9.00000000
Dostarczenie= Plac budowy (SF)
Pos2X=-2079.00000000
Pos2Y=246.00000000
Pos2Z=36.00000000
