Aktywny=1
Towar= Artykuly spozywcze
TowarKoszt=1.20000004
Zaladunek= Centrum handlowe (SF)
PosX=-2679.84106445
PosY=-28.56731605
PosZ=4.33593750
Dostarczenie= Centrum handlowe (LV)
Pos2X=2661.21801757
Pos2Y=1642.56347656
Pos2Z=10.82031250
