Aktywny=1
Towar= Odziez
TowarKoszt=1.50000000
Zaladunek= Centrum Handlowe (LV)
PosX=2661.24975585
PosY=1756.10156250
PosZ=10.82031250
Dostarczenie= Binco (SF)
Pos2X=-2379.62280273
Pos2Y=908.98571777
Pos2Z=45.29687500
