Aktywny=1
Towar= Kije Golfowe
TowarKoszt=1.62000000
Zaladunek= Hurtownia (RC)
PosX=149.00000000
PosY=-255.00000000
PosZ=1.00000000
Dostarczenie= Osrodek rekreacyjny (SF)
Pos2X=-2752.00000000
Pos2Y=-345.00000000
Pos2Z=7.00000000
