Aktywny=1
Towar= Towary
TowarKoszt=2.40000009
Zaladunek= Fabryka (LV)
PosX=2843.03173828
PosY=994.59558105
PosZ=10.75000000
Dostarczenie= Fabryka w Fallen Tree
Pos2X=-571.22692871
Pos2Y=-545.07342529
Pos2Z=25.52343750
