Aktywny=1
Towar= Czesci od statku
TowarKoszt=5.00000000
Zaladunek= Doki (LS)
PosX=2789.08471679
PosY=-2417.62817382
PosZ=13.63334655
Dostarczenie= Doki (SF)
Pos2X=-1548.19763183
Pos2Y=124.52425384
Pos2Z=3.55468750
