Aktywny=1
Towar= Laptopy
TowarKoszt=3.20000004
Zaladunek= Doki (SF)
PosX=-1547.98120117
PosY=124.26071929
PosZ=3.55468750
Dostarczenie= Centrum Handlowe (LV)
Pos2X=2575.82104492
Pos2Y=1927.63159179
Pos2Z=10.82221984
