Aktywny=1
Towar= Kuchenki
TowarKoszt=1.39999997
Zaladunek= Doki (LS)
PosX=2789.00000000
PosY=-2494.00000000
PosZ=13.00000000
Dostarczenie= Centrum Handlowe (LS)
Pos2X=1117.00000000
Pos2Y=-1490.00000000
Pos2Z=15.00000000
