Aktywny=1
Towar= Plyty DVD
TowarKoszt=1.89999997
Zaladunek= General Store (LV)
PosX=2790.06420898
PosY=2015.22045898
PosZ=10.80255317
Dostarczenie= Vinyl Countdown (LS)
Pos2X=856.24035644
Pos2Y=-1371.54626464
Pos2Z=13.58695983
