Aktywny=1
Towar= Odpady
TowarKoszt=0.60000002
Zaladunek= Wysypisko smieci (AP)
PosX=-1817.00000000
PosY=-1659.00000000
PosZ=21.00000000
Dostarczenie= Wysypisko smieci (LS)
Pos2X=2180.00000000
Pos2Y=-1988.00000000
Pos2Z=13.00000000
