Aktywny=1
Towar= Zarowki
TowarKoszt=1.39999997
Zaladunek= Doki (SF)
PosX=-1546.48730468
PosY=124.79665374
PosZ=3.55468750
Dostarczenie= Hurtownia (RC)
Pos2X=318.22738647
Pos2Y=-34.84130859
Pos2Z=1.57812500
