Aktywny=1
Towar= Wieze Stero
TowarKoszt=3.20000004
Zaladunek= Fabryka w Fallen Tree
PosX=-576.93927001
PosY=-502.38418579
PosZ=25.52343750
Dostarczenie= Sklep Elektroniczny (AP)
Pos2X=-2168.73339843
Pos2Y=-2360.17407226
Pos2Z=30.66657829
