Aktywny=1
Towar= Meble
TowarKoszt=3.90000009
Zaladunek= Stolarnia Sawmill (AP)
PosX=-2004.45861816
PosY=-2409.76416015
PosZ=30.62500000
Dostarczenie= The Big Ear (Pustynia)
Pos2X=-360.18310546
Pos2Y=1593.00219726
Pos2Z=76.79319000
