Aktywny=1
Towar= Tasmy Filmowe
TowarKoszt=3.40000009
Zaladunek= Interglobal Television (LS)
PosX=735.66278076
PosY=-1338.32556152
PosZ=13.53199386
Dostarczenie= Dirting (LV)
Pos2X=1109.10131835
Pos2Y=1728.12524414
Pos2Z=10.82031250
