Aktywny=1
Towar= Alkohole
TowarKoszt=2.00000000
Zaladunek= BigS (M)
PosX=1349.00000000
PosY=207.00000000
PosZ=19.00000000
Dostarczenie= Centrum Handlowe (LS)
Pos2X=1117.00000000
Pos2Y=-1491.00000000
Pos2Z=15.00000000
