Aktywny=1
Towar= Artykuly Spozywcze
TowarKoszt=1.89999997
Zaladunek= Centrum Handlowe (LS)
PosX=1117.00000000
PosY=-1491.00000000
PosZ=15.00000000
Dostarczenie= Centrum Handlowe (LV)
Pos2X=2801.00000000
Pos2Y=2583.00000000
Pos2Z=10.00000000
