Aktywny=1
Towar= Sprunki
TowarKoszt=1.70000004
Zaladunek= Hurtownia (LS)
PosX=2168.00000000
PosY=-2275.00000000
PosZ=13.00000000
Dostarczenie= Punkt widokowy (LP)
Pos2X=-238.00000000
Pos2Y=2602.00000000
Pos2Z=62.00000000
