Aktywny=1
Towar= Narzedzia
TowarKoszt=3.00000000
Zaladunek= Lotnisko (Pustynia)
PosX=386.86822509
PosY=2596.80908203
PosZ=16.48437500
Dostarczenie= Lotnisko (SF)
Pos2X=-1256.67565917
Pos2Y=62.58121109
Pos2Z=14.14843750
