Aktywny=1
Towar= Drukarki
TowarKoszt=3.09999990
Zaladunek= Lotnisko (SF)
PosX=-1239.25366210
PosY=48.52880096
PosZ=14.13205337
Dostarczenie= Centrum Konferencyjne (LS)
Pos2X=1198.24206542
Pos2Y=-1733.65673828
Pos2Z=13.57336044
