Aktywny=1
Towar= Towary
TowarKoszt=2.90000009
Zaladunek= Doki (LS)
PosX=2789.23583984
PosY=-2456.01489257
PosZ=13.63331031
Dostarczenie= Solarin Industries (SF)
Pos2X=-1823.59594726
Pos2Y=0.95960885
Pos2Z=15.11718750
