Aktywny=1
Towar= Amunicja
TowarKoszt=4.50000000
Zaladunek= Ammu-Nation (LS)
PosX=1421.00000000
PosY=-1319.00000000
PosZ=13.00000000
Dostarczenie= Ammu-Nation (EQ)
Pos2X=-1517.00000000
Pos2Y=2629.00000000
Pos2Z=55.00000000
