Aktywny=1
Towar= Uzbrojenie
TowarKoszt=5.00000000
Zaladunek= Baza Wojskowa (SF)
PosX=-1469.04479980
PosY=311.00567626
PosZ=7.18750000
Dostarczenie= Baza Wojskowa (LV)
Pos2X=2491.77758789
Pos2Y=2772.48413085
Pos2Z=10.80063724
