Aktywny=1
Towar= Dokumenty rzadowe
TowarKoszt=3.40000009
Zaladunek= Biuro rzadowe (LV)
PosX=2484.95117187
PosY=2356.46435546
PosZ=4.21093750
Dostarczenie= Ratusz (LS)
Pos2X=1486.21057128
Pos2Y=-1832.67565917
Pos2Z=13.54687500
