Aktywny=1
Towar= Automaty do gier
TowarKoszt=3.29999995
Zaladunek= Hurtownia (LS)
PosX=2154.82348632
PosY=-2290.34277343
PosZ=13.39370727
Dostarczenie= Kasyno 4 Smoki (LV)
Pos2X=1903.69641113
Pos2Y=961.92742919
Pos2Z=10.82031250
