Aktywny=1
Towar= Automaty do gier
TowarKoszt=3.40000009
Zaladunek= Hurtownia (LS)
PosX=2154.49804687
PosY=-2290.35644531
PosZ=13.39013767
Dostarczenie= Starfish Casino (LV)
Pos2X=2302.97900390
Pos2Y=1979.89831542
Pos2Z=9.86712741
