Aktywny=1
Towar= Rynny
TowarKoszt=2.90000009
Zaladunek= Plac budowy (LV)
PosX=2467.87768554
PosY=1918.20007324
PosZ=9.76562500
Dostarczenie= Plac budowy (LS)
Pos2X=1253.77502441
Pos2Y=-1257.93115234
Pos2Z=13.14272880
