Aktywny=1
Towar= Dokumenty
TowarKoszt=2.40000009
Zaladunek= Biuro (LS)
PosX=1746.63464355
PosY=-1570.86657714
PosZ=13.53185653
Dostarczenie= Biurowiec (SF)
Pos2X=-1774.90039062
Pos2Y=757.65252685
Pos2Z=24.89210510
