Aktywny=1
Towar= Dokumenty rzadowe
TowarKoszt=2.59999990
Zaladunek= Ratusz (SF)
PosX=-1440.85449218
PosY=915.35461425
PosZ=7.18750000
Dostarczenie= Ratusz (LS)
Pos2X=1479.07702636
Pos2Y=-1829.98767089
Pos2Z=13.54687500
