Aktywny=1
Towar= Odziez
TowarKoszt=1.70000004
Zaladunek= Binco (LS)
PosX=2280.70361328
PosY=-1680.24768066
PosZ=14.52397346
Dostarczenie= Binco (SF)
Pos2X=-2381.08691406
Pos2Y=911.27746582
Pos2Z=45.29687500
