Aktywny=1
Towar= Ryby
TowarKoszt=2.90000009
Zaladunek= Port Bayside
PosX=-2246.23779296
PosY=2371.07788085
PosZ=4.99604034
Dostarczenie= Restauracja (D)
Pos2X=681.51318359
Pos2Y=-441.02273559
Pos2Z=16.33593750
