Aktywny=1
Towar= Farby
TowarKoszt=2.40000009
Zaladunek= PaySpray (D)
PosX=720.67407226
PosY=-468.35900878
PosZ=16.34370422
Dostarczenie= PaySpray (LS)
Pos2X=488.44424438
Pos2Y=-1731.78503417
Pos2Z=11.22432899
