Aktywny=1
Towar= Napoje Gazowane
TowarKoszt=1.39999997
Zaladunek= Hurtownia (SF)
PosX=-2093.00000000
PosY=95.00000000
PosZ=35.00000000
Dostarczenie= Bar (FC)
Pos2X=-166.00000000
Pos2Y=1083.00000000
Pos2Z=19.00000000
