Aktywny=1
Towar= Ryby
TowarKoszt=3.50000000
Zaladunek= Port Bayside
PosX=-2247.23291015
PosY=2371.20776367
PosZ=4.99713945
Dostarczenie= The Brown Starfish (LS)
Pos2X=369.75573730
Pos2Y=-2041.23242187
Pos2Z=7.67187500
