Aktywny=1
Towar= Zanety wedkarskie
TowarKoszt=3.09999990
Zaladunek= Sklep Wedkarski (LS)
PosX=1085.92749023
PosY=-1382.47973632
PosZ=13.78125000
Dostarczenie= Port Bayside
Pos2X=-2245.85180664
Pos2Y=2371.72631835
Pos2Z=4.99629688
