Aktywny=1
Towar= Towary
TowarKoszt=0.89999997
Zaladunek= Hurtownia (B)
PosX=-2450.29760742
PosY=2302.67773437
PosZ=4.97872781
Dostarczenie= Sklep (EQ)
Pos2X=-1518.13586425
Pos2Y=2572.16259765
Pos2Z=55.83593750
