Aktywny=1
Towar= Towary
TowarKoszt=2.40000009
Zaladunek= Fabryka (LV)
PosX=1646.51757812
PosY=683.18908691
PosZ=10.82031250
Dostarczenie= Doki (SF)
Pos2X=-1549.86206054
Pos2Y=123.15580749
Pos2Z=3.55468750
