Aktywny=1
Towar= Towary
TowarKoszt=2.50000000
Zaladunek= Fabryka (LV)
PosX=1705.17163085
PosY=687.15209960
PosZ=10.82031250
Dostarczenie= Doki (LS)
Pos2X=2794.24511718
Pos2Y=-2417.12768554
Pos2Z=13.63208675
