Aktywny=1
Towar= Komputery
TowarKoszt=3.70000004
Zaladunek= Doki (LS)
PosX=2453.25537109
PosY=-2630.18798828
PosZ=13.66284561
Dostarczenie= Centrum Handlowe (SF)
Pos2X=-2645.29882812
Pos2Y=-40.77869796
Pos2Z=4.33593750
