Aktywny=1
Towar= Silniki
TowarKoszt=4.19999980
Zaladunek= Doki (SF)
PosX=-1549.81372070
PosY=122.90885162
PosZ=3.55468750
Dostarczenie= Fabryka (LV)
Pos2X=1706.79626464
Pos2Y=754.74084472
Pos2Z=10.82031250
