Aktywny=1
Towar= Dokumenty
TowarKoszt=2.70000004
Zaladunek= City Plannin Department (LV)
PosX=2421.68432617
PosY=1124.05786132
PosZ=10.82031250
Dostarczenie= Biurowiec (SF)
Pos2X=-1775.82299804
Pos2Y=758.49157714
Pos2Z=24.89210510
