Aktywny=1
Towar= Odziez
TowarKoszt=1.60000002
Zaladunek= Victim (SF)
PosX=-1694.66735839
PosY=939.93255615
PosZ=24.89062500
Dostarczenie= Victim (LS)
Pos2X=456.35873413
Pos2Y=-1501.62707519
Pos2Z=31.04024696
