Aktywny=1
Towar= Monitory
TowarKoszt=3.79999995
Zaladunek= Fabryka (LV)
PosX=1645.42517089
PosY=687.63940429
PosZ=10.82031250
Dostarczenie= Centrum Handlowe (LS)
Pos2X=1115.61950683
Pos2Y=-1491.93127441
Pos2Z=15.79687500
