Aktywny=1
Towar= Towary
TowarKoszt=2.90000009
Zaladunek= Solarin Industries (SF)
PosX=-1837.00000000
PosY=-12.00000000
PosZ=15.00000000
Dostarczenie= Raimi Realty (PC)
Pos2X=2319.00000000
Pos2Y=-54.00000000
Pos2Z=26.00000000
