Aktywny=1
Towar= Dokumenty
TowarKoszt=2.59999990
Zaladunek= Biurowiec (LS)
PosX=1152.00354003
PosY=-1206.58666992
PosZ=19.19745635
Dostarczenie= Kasyno (LV)
Pos2X=2188.05273437
Pos2Y=1677.45581054
Pos2Z=11.11096000
