Aktywny=1
Towar= Worki zboza
TowarKoszt=1.89999997
Zaladunek= Farma Whetstone
PosX=-1445.79028320
PosY=-1537.55371093
PosZ=101.75781250
Dostarczenie= Doki (LS)
Pos2X=2792.76123046
Pos2Y=-2456.56933593
Pos2Z=13.63244915
