Aktywny=1
Towar= Czysty papier
TowarKoszt=0.50000000
Zaladunek= Lotnisko (SF)
PosX=-1240.43920898
PosY=49.34867477
PosZ=14.13148689
Dostarczenie= Los Santos Forum
Pos2X=2785.80468750
Pos2Y=-1825.01269531
Pos2Z=10.21023559
