Aktywny=1
Towar= Srodki czystosci
TowarKoszt=2.59999990
Zaladunek= Hurtownia (LS)
PosX=2211.29638671
PosY=-2293.23120117
PosZ=14.76466941
Dostarczenie= Cluckin Bell (EQ)
Pos2X=-1211.24047851
Pos2Y=1822.40246582
Pos2Z=41.71875000
