Aktywny=1
Towar= Srodki czystosci
TowarKoszt=2.70000004
Zaladunek= Lotnisko (LV)
PosX=1350.90075683
PosY=1709.08703613
PosZ=10.82031250
Dostarczenie= Burger Shot (SF)
Pos2X=-2360.45483398
Pos2Y=1028.92321777
Pos2Z=50.69531250
