Aktywny=1
Towar= Artykuly spozywcze
TowarKoszt=1.10000002
Zaladunek= Lotnisko (LS)
PosX=2061.92724609
PosY=-2386.74389648
PosZ=13.54687500
Dostarczenie= Sklep 24/7 (LS)
Pos2X=1852.50317382
Pos2Y=-1863.47558593
Pos2Z=13.57812500
