Aktywny=1
Towar= Odpady
TowarKoszt=0.50000000
Zaladunek= Burger Shot (LS)
PosX=787.86322021
PosY=-1635.77478027
PosZ=13.38281250
Dostarczenie= Wysypisko smieci (LS)
Pos2X=2179.51464843
Pos2Y=-1990.78271484
Pos2Z=13.54687500
