Aktywny=1
Towar= Odpady
TowarKoszt=0.50000000
Zaladunek= Cluckin Bell (LS)
PosX=2410.36303710
PosY=-1484.61718750
PosZ=23.82812500
Dostarczenie= Wysypisko smieci (LS)
Pos2X=2188.02734375
Pos2Y=-1991.30126953
Pos2Z=13.54687500
