Aktywny=1
Towar= Tasmy filmowe
TowarKoszt=2.90000009
Zaladunek= Interglobal Television (LS)
PosX=736.43597412
PosY=-1338.26403808
PosZ=13.53212928
Dostarczenie= Centrum Handlowe (SF)
Pos2X=-2650.07934570
Pos2Y=-40.98291015
Pos2Z=4.33593750
