Aktywny=1
Towar= Kamery
TowarKoszt=3.29999995
Zaladunek= Lotnisko (SF)
PosX=-1241.18054199
PosY=47.95707702
PosZ=14.13244628
Dostarczenie= Interglobal Television (LS)
Pos2X=737.20202636
Pos2Y=-1337.69006347
Pos2Z=13.53339004
