Aktywny=1
Towar= Meble
TowarKoszt=2.40000009
Zaladunek= Stolarnia Sawmill (AP)
PosX=-2004.00000000
PosY=-2410.00000000
PosZ=30.00000000
Dostarczenie= Discount Furniture (PC)
Pos2X=2300.00000000
Pos2Y=64.00000000
Pos2Z=26.00000000
