Aktywny=1
Towar= Pileczki do tenisa
TowarKoszt=1.89999997
Zaladunek= Hurtownia (RC)
PosX=64.74833679
PosY=-284.82986450
PosZ=1.57812500
Dostarczenie= Kort tenisowy (LS)
Pos2X=682.57617187
Pos2Y=-1263.37658691
Pos2Z=13.56892395
