Aktywny=1
Towar= Paletki do tenisa
TowarKoszt=2.29999995
Zaladunek= Hurtownia (SF)
PosX=-1860.70959472
PosY=-143.00064086
PosZ=11.89843750
Dostarczenie= Kort tenisowy (LS)
Pos2X=681.38848876
Pos2Y=-1265.71960449
Pos2Z=13.57820510
