Aktywny=1
Towar= Pileczki do golfa
TowarKoszt=1.70000004
Zaladunek= Hurtownia (LS)
PosX=2209.05981445
PosY=-2293.67309570
PosZ=14.76466941
Dostarczenie= Osrodek rekreacyjny (SF)
Pos2X=-2755.78417968
Pos2Y=-343.75289916
Pos2Z=7.17972183
