Aktywny=1
Towar= Odpady
TowarKoszt=0.50000000
Zaladunek= Cluckin Bell (SF)
PosX=-2692.06494140
PosY=232.29478454
PosZ=4.33593750
Dostarczenie= Wysypisko smieci (AP)
Pos2X=-1817.93322753
Pos2Y=-1658.06298828
Pos2Z=21.75000000
