Aktywny=1
Towar= Dokumenty rzadowe
TowarKoszt=2.67000007
Zaladunek= Biurowiec (LS)
PosX=302.06863403
PosY=-1624.27600097
PosZ=33.33668899
Dostarczenie= Missionary Hill (SF)
Pos2X=-2519.78295898
Pos2Y=-618.87554931
Pos2Z=132.56979370
