Aktywny=1
Towar= Artykuly spozywcze
TowarKoszt=1.60000002
Zaladunek= Centrum Handlowe (SF)
PosX=-2647.42407226
PosY=-41.97182083
PosZ=4.33593750
Dostarczenie= The Smokin Beef (LB)
Pos2X=-862.01867675
Pos2Y=1542.94580078
Pos2Z=22.83221435
