Aktywny=1
Towar= Odpady
TowarKoszt=1.39999997
Zaladunek= Burger Shot (LV)
PosX=1169.25122070
PosY=2111.35009765
PosZ=10.82031250
Dostarczenie= Wysypisko smieci (AP)
Pos2X=-1818.28796386
Pos2Y=-1659.22009277
Pos2Z=21.75000000
