Aktywny=1
Towar= Czysty papier
TowarKoszt=1.89999997
Zaladunek= Lotnisko (SF)
PosX=-1241.11645507
PosY=48.59508132
PosZ=14.13200569
Dostarczenie= Boisko (LV)
Pos2X=1483.53552246
Pos2Y=2109.86572265
Pos2Z=11.02343750
