Aktywny=1
Towar= Towary
TowarKoszt=2.90000009
Zaladunek= Fabryka (LV)
PosX=1639.06994628
PosY=2358.53564453
PosZ=10.81296730
Dostarczenie= Hurtownia (LS)
Pos2X=2155.16992187
Pos2Y=-2290.80151367
Pos2Z=13.40051078
