Aktywny=1
Towar= Towary
TowarKoszt=2.90000009
Zaladunek= Fabryka (LS)
PosX=1751.56567382
PosY=-2057.72143554
PosZ=13.66842269
Dostarczenie= Ratusz (SF)
Pos2X=-1435.92736816
Pos2Y=912.61944580
Pos2Z=7.18750000
