Aktywny=1
Towar= Ksiazki
TowarKoszt=1.70000004
Zaladunek= Papercuts (LS)
PosX=1132.00000000
PosY=-1672.00000000
PosZ=13.00000000
Dostarczenie= Bilbioteka (PC)
Pos2X=2254.00000000
Pos2Y=-84.00000000
Pos2Z=26.00000000
