Aktywny=1
Towar= Artykuly spozywcze
TowarKoszt=1.89999997
Zaladunek= Centrum Handlowe (Pustynia)
PosX=-568.64221191
PosY=2617.33300781
PosZ=53.51562500
Dostarczenie= Cluckin Bell (AP)
Pos2X=-2166.94799804
Pos2Y=-2458.94628906
Pos2Z=30.62500000
