Aktywny=1
Towar= Amunicja
TowarKoszt=5.00000000
Zaladunek= Ammu-Nation (AP)
PosX=-2116.91601562
PosY=-2469.71728515
PosZ=30.62500000
Dostarczenie= Baza Wojskowa (LV)
Pos2X=2489.77954101
Pos2Y=2772.05029296
Pos2Z=10.79136657
