Aktywny=1
Towar= Amunicja
TowarKoszt=5.00000000
Zaladunek= Baza Wojskowa (LV)
PosX=2491.04028320
PosY=2772.71728515
PosZ=10.79721641
Dostarczenie= Area69 (Pustynia)
Pos2X=135.44364929
Pos2Y=1948.60070800
Pos2Z=19.37591934
