Aktywny=1
Towar= Wojskowe mundury
TowarKoszt=4.40000009
Zaladunek= Lotnisko (LS)
PosX=2083.56469726
PosY=-2385.54077148
PosZ=13.54687500
Dostarczenie= Area69 (Pustynia)
Pos2X=135.31710815
Pos2Y=1949.65930175
Pos2Z=19.38471031
