Aktywny=1
Towar= Kabury
TowarKoszt=3.20000004
Zaladunek= Fabryka (LV)
PosX=1425.94555664
PosY=1045.76538085
PosZ=10.82031250
Dostarczenie= Komenda Policji (D)
Pos2X=613.17028808
Pos2Y=-589.53033447
Pos2Z=17.23301315
