Aktywny=1
Towar= Zabawki
TowarKoszt=2.90000009
Zaladunek= Hurtownia (LS)
PosX=2477.51879882
PosY=-1525.91687011
PosZ=23.99086189
Dostarczenie= Centrum Handlowe (LV)
Pos2X=2825.12182617
Pos2Y=2604.18334960
Pos2Z=10.82031250
