Aktywny=1
Towar= Towary
TowarKoszt=2.29999995
Zaladunek= Fabryka (LV)
PosX=2844.83007812
PosY=994.04730224
PosZ=10.75000000
Dostarczenie= Doki (LS)
Pos2X=2786.70556640
Pos2Y=-2417.35815429
Pos2Z=13.63392734
