Aktywny=1
Towar= Lampy
TowarKoszt=3.40000009
Zaladunek= Fabryka (LS)
PosX=1769.59655761
PosY=-2032.04895019
PosZ=13.50045204
Dostarczenie= Doki (SF)
Pos2X=-1547.97253417
Pos2Y=123.41166687
Pos2Z=3.55468750
