Aktywny=1
Towar= Dokumenty
TowarKoszt=2.09999990
Zaladunek= Biurowiec (SF)
PosX=-1978.01647949
PosY=432.21426391
PosZ=25.52413940
Dostarczenie= Bank (PC)
Pos2X=2299.74267578
Pos2Y=-16.02529144
Pos2Z=26.48437500
