Aktywny=1
Towar= Zboze
TowarKoszt=2.90000009
Zaladunek= Farma (PC)
PosX=1949.58581542
PosY=155.01045227
PosZ=36.89312744
Dostarczenie= Lotnisko (LV)
Pos2X=1352.92224121
Pos2Y=1705.71667480
Pos2Z=10.82031250
